name: c:\Users\rhamilton\repos\s2cloudless\.conda
channels:
  - conda-forge
  - defaults
dependencies:
  - aiohttp=3.8.4=py311ha68e1ae_1
  - aiosignal=1.3.1=pyhd8ed1ab_0
  - async-timeout=4.0.2=pyhd8ed1ab_0
  - attrs=23.1.0=pyh71513ae_1
  - brotlipy=0.7.0=py311ha68e1ae_1005
  - bzip2=1.0.8=h8ffe710_4
  - c-ares=1.19.1=hcfcfb64_0
  - ca-certificates=2023.5.7=h56e8100_0
  - cachetools=5.3.1=pyhd8ed1ab_0
  - certifi=2023.5.7=pyhd8ed1ab_0
  - cffi=1.15.1=py311h7d9ee11_3
  - charset-normalizer=3.1.0=pyhd8ed1ab_0
  - cryptography=41.0.1=py311h28e9c30_0
  - earthengine-api=0.1.358=pyhd8ed1ab_0
  - frozenlist=1.3.3=py311ha68e1ae_0
  - google-api-core=2.11.1=pyhd8ed1ab_0
  - google-api-python-client=2.92.0=pyhd8ed1ab_0
  - google-auth=2.21.0=pyh1a96a4e_0
  - google-auth-httplib2=0.1.0=pyhd8ed1ab_1
  - google-cloud-core=2.3.3=pyhd8ed1ab_0
  - google-cloud-storage=2.10.0=pyh1a96a4e_0
  - google-crc32c=1.1.2=py311h48d9ab2_4
  - google-resumable-media=2.5.0=pyhd8ed1ab_0
  - googleapis-common-protos=1.59.1=pyhd8ed1ab_0
  - grpcio=1.56.0=py311h5bc0dda_2
  - httplib2=0.22.0=pyhd8ed1ab_0
  - idna=3.4=pyhd8ed1ab_0
  - libabseil=20230125.3=cxx17_h63175ca_0
  - libcrc32c=1.1.2=h0e60522_0
  - libexpat=2.5.0=h63175ca_1
  - libffi=3.4.2=h8ffe710_5
  - libgrpc=1.56.0=hea2d5f7_2
  - libprotobuf=4.23.3=h1975477_0
  - libsqlite=3.42.0=hcfcfb64_0
  - libzlib=1.2.13=hcfcfb64_5
  - multidict=6.0.4=py311ha68e1ae_0
  - openssl=3.1.1=hcfcfb64_1
  - pip=23.1.2=pyhd8ed1ab_0
  - protobuf=4.23.3=py311h03b55d4_0
  - pyasn1=0.4.8=py_0
  - pyasn1-modules=0.2.7=py_0
  - pycparser=2.21=pyhd8ed1ab_0
  - pyopenssl=23.2.0=pyhd8ed1ab_1
  - pyparsing=3.1.0=pyhd8ed1ab_0
  - pysocks=1.7.1=pyh0701188_6
  - python=3.11.4=h2628c8c_0_cpython
  - python_abi=3.11=3_cp311
  - pyu2f=0.1.5=pyhd8ed1ab_0
  - re2=2023.03.02=hd4eee63_0
  - requests=2.31.0=pyhd8ed1ab_0
  - rsa=4.9=pyhd8ed1ab_0
  - setuptools=68.0.0=pyhd8ed1ab_0
  - six=1.16.0=pyh6c4a22f_0
  - tk=8.6.12=h8ffe710_0
  - typing-extensions=4.7.1=hd8ed1ab_0
  - typing_extensions=4.7.1=pyha770c72_0
  - tzdata=2023c=h71feb2d_0
  - ucrt=10.0.22621.0=h57928b3_0
  - uritemplate=4.1.1=pyhd8ed1ab_0
  - urllib3=1.26.15=pyhd8ed1ab_0
  - vc=14.3=h64f974e_17
  - vc14_runtime=14.36.32532=hfdfe4a8_17
  - vs2015_runtime=14.36.32532=h05e6639_17
  - wheel=0.40.0=pyhd8ed1ab_0
  - win_inet_pton=1.1.0=pyhd8ed1ab_6
  - xz=5.2.6=h8d14728_0
  - yarl=1.9.2=py311ha68e1ae_0
prefix: c:\Users\rhamilton\repos\s2cloudless\.conda
